Temperature (K)	Pressure (MPa)	Density (l, mol/l)	Volume (l, l/mol)	Internal Energy (l, kJ/mol)	Enthalpy (l, kJ/mol)	Entropy (l, J/mol*K)	Cv (l, J/mol*K)	Cp (l, J/mol*K)	Sound Spd. (l, m/s)	Joule-Thomson (l, K/MPa)	Viscosity (l, uPa*s)	Therm. Cond. (l, W/m*K)	Surf. Tension (l, N/m)	Density (v, mol/l)	Volume (v, l/mol)	Internal Energy (v, kJ/mol)	Enthalpy (v, kJ/mol)	Entropy (v, J/mol*K)	Cv (v, J/mol*K)	Cp (v, J/mol*K)	Sound Spd. (v, m/s)	Joule-Thomson (v, K/MPa)	Viscosity (v, uPa*s)	Therm. Cond. (v, W/m*K)
13.957	0.0073578	38.199	0.026179	-0.10890	-0.10871	-6.1934	10.405	14.154	1269.2	-1.5758	25.587	0.097561	0.0030324	0.064415	15.524	0.69178	0.80600	59.344	12.586	21.296	307.14	29.221	0.64525	0.010601
14.057	0.0077902	38.158	0.026207	-0.10749	-0.10728	-6.0923	10.410	14.202	1267.1	-1.5687	25.263	0.097728	0.0030147	0.067760	14.758	0.69290	0.80786	59.010	12.593	21.321	308.12	28.942	0.65078	0.010696
14.157	0.0082418	38.118	0.026235	-0.10606	-0.10585	-5.9916	10.418	14.253	1265.0	-1.5613	24.947	0.097893	0.0029971	0.071231	14.039	0.69401	0.80972	58.681	12.601	21.346	309.09	28.666	0.65630	0.010790
14.257	0.0087134	38.077	0.026263	-0.10464	-0.10441	-5.8912	10.428	14.308	1262.9	-1.5534	24.639	0.098055	0.0029795	0.074830	13.364	0.69513	0.81157	58.356	12.608	21.372	310.05	28.395	0.66182	0.010885
14.357	0.0092055	38.036	0.026291	-0.10321	-0.10296	-5.7911	10.440	14.366	1260.8	-1.5453	24.337	0.098216	0.0029619	0.078561	12.729	0.69623	0.81341	58.037	12.616	21.398	311.00	28.127	0.66733	0.010981
14.457	0.0097186	37.995	0.026319	-0.10177	-0.10151	-5.6914	10.453	14.427	1258.7	-1.5368	24.043	0.098374	0.0029443	0.082427	12.132	0.69734	0.81524	57.721	12.623	21.424	311.95	27.865	0.67283	0.011076
14.557	0.010253	37.953	0.026348	-0.10033	-0.10006	-5.5919	10.468	14.490	1256.5	-1.5282	23.755	0.098530	0.0029267	0.086430	11.570	0.69844	0.81707	57.410	12.631	21.451	312.89	27.606	0.67833	0.011172
14.657	0.010810	37.912	0.026377	-0.098877	-0.098592	-5.4926	10.484	14.556	1254.4	-1.5193	23.473	0.098684	0.0029090	0.090573	11.041	0.69953	0.81889	57.104	12.638	21.479	313.82	27.352	0.68383	0.011268
14.757	0.011390	37.870	0.026406	-0.097421	-0.097120	-5.3936	10.501	14.623	1252.3	-1.5102	23.198	0.098836	0.0028914	0.094860	10.542	0.70062	0.82070	56.802	12.645	21.506	314.75	27.102	0.68932	0.011364
14.857	0.011993	37.829	0.026435	-0.095958	-0.095641	-5.2947	10.519	14.692	1250.1	-1.5010	22.928	0.098985	0.0028738	0.099292	10.071	0.70171	0.82250	56.504	12.652	21.535	315.67	26.857	0.69481	0.011461
14.957	0.012621	37.787	0.026464	-0.094488	-0.094154	-5.1961	10.537	14.763	1248.0	-1.4916	22.664	0.099132	0.0028562	0.10387	9.6272	0.70279	0.82429	56.210	12.659	21.563	316.58	26.616	0.70029	0.011558
15.057	0.013273	37.744	0.026494	-0.093012	-0.092660	-5.0977	10.556	14.835	1245.9	-1.4821	22.405	0.099277	0.0028387	0.10861	9.2076	0.70387	0.82608	55.920	12.666	21.593	317.49	26.380	0.70577	0.011655
15.157	0.013950	37.702	0.026524	-0.091528	-0.091158	-4.9995	10.576	14.908	1243.7	-1.4726	22.152	0.099420	0.0028211	0.11349	8.8111	0.70494	0.82785	55.633	12.673	21.622	318.39	26.148	0.71124	0.011753
15.257	0.014653	37.659	0.026554	-0.090037	-0.089648	-4.9014	10.595	14.983	1241.6	-1.4629	21.903	0.099561	0.0028035	0.11854	8.4361	0.70600	0.82962	55.351	12.680	21.652	319.28	25.920	0.71671	0.011850
15.357	0.015383	37.616	0.026584	-0.088539	-0.088130	-4.8035	10.615	15.059	1239.4	-1.4533	21.660	0.099699	0.0027859	0.12374	8.0812	0.70706	0.83138	55.072	12.687	21.683	320.17	25.697	0.72218	0.011949
15.457	0.016140	37.573	0.026615	-0.087033	-0.086604	-4.7058	10.635	15.135	1237.2	-1.4435	21.421	0.099835	0.0027683	0.12911	7.7451	0.70812	0.83313	54.797	12.694	21.714	321.05	25.477	0.72764	0.012047
15.557	0.016925	37.530	0.026645	-0.085520	-0.085069	-4.6081	10.655	15.213	1235.1	-1.4337	21.187	0.099968	0.0027507	0.13465	7.4267	0.70917	0.83487	54.525	12.700	21.746	321.92	25.262	0.73310	0.012146
15.657	0.017739	37.486	0.026676	-0.083999	-0.083526	-4.5107	10.675	15.291	1232.9	-1.4239	20.957	0.10010	0.0027332	0.14035	7.1248	0.71021	0.83660	54.257	12.707	21.778	322.79	25.052	0.73856	0.012245
15.757	0.018581	37.443	0.026707	-0.082471	-0.081975	-4.4133	10.694	15.370	1230.8	-1.4141	20.732	0.10023	0.0027156	0.14623	6.8385	0.71125	0.83832	53.992	12.713	21.811	323.65	24.845	0.74401	0.012344
15.857	0.019454	37.399	0.026739	-0.080935	-0.080415	-4.3161	10.714	15.450	1228.6	-1.4042	20.511	0.10036	0.0026981	0.15228	6.5666	0.71229	0.84003	53.731	12.719	21.844	324.50	24.642	0.74947	0.012444
15.957	0.020357	37.355	0.026770	-0.079391	-0.078846	-4.2190	10.734	15.530	1226.4	-1.3943	20.294	0.10048	0.0026805	0.15852	6.3085	0.71331	0.84173	53.472	12.726	21.878	325.35	24.443	0.75491	0.012544
16.057	0.021291	37.310	0.026802	-0.077840	-0.077269	-4.1221	10.753	15.611	1224.2	-1.3845	20.081	0.10060	0.0026629	0.16493	6.0632	0.71434	0.84343	53.217	12.732	21.913	326.19	24.247	0.76036	0.012645
16.157	0.022257	37.265	0.026834	-0.076280	-0.075683	-4.0252	10.772	15.693	1222.1	-1.3746	19.871	0.10072	0.0026454	0.17153	5.8300	0.71535	0.84511	52.965	12.738	21.948	327.02	24.056	0.76581	0.012746
16.257	0.023255	37.221	0.026867	-0.074713	-0.074088	-3.9284	10.791	15.775	1219.9	-1.3647	19.666	0.10084	0.0026279	0.17831	5.6081	0.71636	0.84678	52.716	12.744	21.983	327.85	23.868	0.77125	0.012847
16.357	0.024287	37.175	0.026899	-0.073138	-0.072484	-3.8318	10.810	15.858	1217.7	-1.3548	19.464	0.10096	0.0026103	0.18529	5.3970	0.71736	0.84844	52.470	12.750	22.020	328.68	23.683	0.77669	0.012949
16.457	0.025352	37.130	0.026932	-0.071554	-0.070871	-3.7352	10.828	15.941	1215.5	-1.3449	19.265	0.10107	0.0025928	0.19246	5.1959	0.71836	0.85009	52.226	12.755	22.057	329.49	23.502	0.78213	0.013051
16.557	0.026452	37.085	0.026965	-0.069963	-0.069250	-3.6388	10.847	16.025	1213.3	-1.3350	19.070	0.10118	0.0025753	0.19983	5.0043	0.71935	0.85173	51.986	12.761	22.095	330.30	23.324	0.78757	0.013154
16.657	0.027588	37.039	0.026999	-0.068363	-0.067619	-3.5424	10.865	16.109	1211.0	-1.3251	18.878	0.10129	0.0025577	0.20739	4.8217	0.72034	0.85336	51.748	12.767	22.133	331.10	23.150	0.79301	0.013256
16.757	0.028759	36.993	0.027032	-0.066756	-0.065978	-3.4461	10.882	16.194	1208.8	-1.3153	18.690	0.10140	0.0025402	0.21517	4.6476	0.72131	0.85497	51.513	12.773	22.172	331.90	22.979	0.79844	0.013360
16.857	0.029967	36.946	0.027066	-0.065140	-0.064329	-3.3499	10.900	16.280	1206.6	-1.3054	18.504	0.10150	0.0025227	0.22314	4.4814	0.72228	0.85658	51.281	12.778	22.212	332.69	22.810	0.80388	0.013464
16.957	0.031212	36.900	0.027101	-0.063516	-0.062670	-3.2538	10.917	16.366	1204.3	-1.2955	18.322	0.10160	0.0025052	0.23133	4.3229	0.72325	0.85817	51.051	12.784	22.253	333.48	22.645	0.80931	0.013568
17.057	0.032495	36.853	0.027135	-0.061884	-0.061002	-3.1578	10.934	16.452	1202.1	-1.2857	18.142	0.10170	0.0024877	0.23973	4.1714	0.72420	0.85975	50.823	12.789	22.294	334.25	22.483	0.81475	0.013673
17.157	0.033817	36.806	0.027170	-0.060244	-0.059325	-3.0618	10.951	16.539	1199.8	-1.2758	17.966	0.10180	0.0024702	0.24834	4.0267	0.72515	0.86133	50.598	12.795	22.336	335.03	22.323	0.82018	0.013778
17.257	0.035179	36.758	0.027205	-0.058595	-0.057638	-2.9659	10.968	16.627	1197.5	-1.2659	17.792	0.10189	0.0024527	0.25718	3.8883	0.72610	0.86288	50.376	12.800	22.379	335.79	22.166	0.82562	0.013883
17.357	0.036581	36.711	0.027240	-0.056938	-0.055941	-2.8701	10.984	16.715	1195.2	-1.2561	17.621	0.10199	0.0024352	0.26624	3.7561	0.72703	0.86443	50.156	12.806	22.423	336.55	22.012	0.83105	0.013989
17.457	0.038023	36.663	0.027276	-0.055272	-0.054235	-2.7744	11.000	16.803	1192.9	-1.2462	17.453	0.10208	0.0024177	0.27552	3.6295	0.72796	0.86596	49.938	12.811	22.468	337.30	21.861	0.83649	0.014096
17.557	0.039508	36.615	0.027311	-0.053598	-0.052519	-2.6787	11.016	16.893	1190.6	-1.2364	17.287	0.10217	0.0024003	0.28503	3.5084	0.72888	0.86749	49.722	12.817	22.513	338.05	21.712	0.84193	0.014203
17.657	0.041034	36.566	0.027348	-0.051916	-0.050794	-2.5830	11.032	16.982	1188.3	-1.2265	17.124	0.10225	0.0023828	0.29478	3.3924	0.72979	0.86900	49.509	12.822	22.560	338.79	21.565	0.84737	0.014311
17.757	0.042604	36.518	0.027384	-0.050225	-0.049058	-2.4875	11.047	17.073	1185.9	-1.2166	16.963	0.10234	0.0023653	0.30476	3.2813	0.73070	0.87049	49.298	12.828	22.607	339.53	21.421	0.85281	0.014419
17.857	0.044217	36.469	0.027421	-0.048526	-0.047313	-2.3919	11.063	17.164	1183.6	-1.2068	16.805	0.10242	0.0023479	0.31498	3.1748	0.73159	0.87198	49.089	12.833	22.656	340.25	21.278	0.85825	0.014527
17.957	0.045875	36.420	0.027458	-0.046817	-0.045558	-2.2965	11.078	17.255	1181.2	-1.1969	16.649	0.10250	0.0023304	0.32544	3.0728	0.73248	0.87345	48.882	12.839	22.705	340.97	21.139	0.86369	0.014636
18.057	0.047579	36.370	0.027495	-0.045101	-0.043793	-2.2010	11.093	17.347	1178.8	-1.1870	16.496	0.10257	0.0023130	0.33615	2.9749	0.73336	0.87490	48.677	12.845	22.756	341.69	21.001	0.86914	0.014746
18.157	0.049328	36.320	0.027533	-0.043375	-0.042017	-2.1056	11.108	17.440	1176.4	-1.1771	16.345	0.10265	0.0022955	0.34711	2.8810	0.73424	0.87635	48.473	12.850	22.807	342.40	20.865	0.87459	0.014856
18.257	0.051124	36.270	0.027571	-0.041641	-0.040232	-2.0103	11.123	17.534	1174.0	-1.1672	16.196	0.10272	0.0022781	0.35832	2.7908	0.73510	0.87778	48.272	12.856	22.859	343.10	20.732	0.88004	0.014967
18.357	0.052968	36.220	0.027609	-0.039898	-0.038436	-1.9150	11.137	17.628	1171.6	-1.1573	16.049	0.10279	0.0022607	0.36979	2.7043	0.73596	0.87919	48.073	12.862	22.913	343.80	20.600	0.88549	0.015078
18.457	0.054859	36.169	0.027648	-0.038147	-0.036630	-1.8197	11.152	17.723	1169.1	-1.1474	15.904	0.10286	0.0022433	0.38151	2.6211	0.73680	0.88060	47.876	12.868	22.968	344.49	20.470	0.89095	0.015190
18.557	0.056800	36.119	0.027687	-0.036386	-0.034813	-1.7244	11.166	17.819	1166.7	-1.1375	15.762	0.10292	0.0022258	0.39351	2.5413	0.73764	0.88199	47.680	12.874	23.024	345.17	20.342	0.89641	0.015303
18.657	0.058791	36.067	0.027726	-0.034617	-0.032986	-1.6292	11.180	17.915	1164.2	-1.1275	15.621	0.10299	0.0022084	0.40576	2.4645	0.73847	0.88336	47.486	12.880	23.081	345.85	20.216	0.90187	0.015416
18.757	0.060832	36.016	0.027765	-0.032838	-0.031149	-1.5340	11.195	18.012	1161.7	-1.1175	15.483	0.10305	0.0021910	0.41829	2.3907	0.73929	0.88472	47.294	12.886	23.139	346.52	20.091	0.90734	0.015529
18.857	0.062924	35.964	0.027805	-0.031050	-0.029301	-1.4388	11.209	18.110	1159.2	-1.1076	15.346	0.10311	0.0021737	0.43110	2.3197	0.74011	0.88607	47.104	12.892	23.198	347.18	19.968	0.91282	0.015644
18.957	0.065068	35.912	0.027846	-0.029254	-0.027442	-1.3437	11.222	18.209	1156.6	-1.0976	15.211	0.10316	0.0021563	0.44418	2.2513	0.74091	0.88740	46.915	12.898	23.259	347.84	19.847	0.91829	0.015758
19.057	0.067265	35.860	0.027886	-0.027448	-0.025572	-1.2485	11.236	18.308	1154.1	-1.0875	15.078	0.10322	0.0021389	0.45755	2.1856	0.74170	0.88872	46.728	12.904	23.321	348.49	19.727	0.92378	0.015874
19.157	0.069515	35.807	0.027927	-0.025633	-0.023692	-1.1534	11.250	18.409	1151.5	-1.0775	14.947	0.10327	0.0021215	0.47120	2.1223	0.74249	0.89002	46.542	12.911	23.384	349.13	19.609	0.92926	0.015990
19.257	0.071820	35.754	0.027969	-0.023809	-0.021800	-1.0583	11.264	18.510	1148.9	-1.0674	14.818	0.10332	0.0021042	0.48514	2.0613	0.74326	0.89130	46.358	12.918	23.448	349.77	19.492	0.93476	0.016107
19.357	0.074180	35.701	0.028010	-0.021975	-0.019898	-0.96314	11.277	18.612	1146.3	-1.0573	14.690	0.10336	0.0020868	0.49937	2.0025	0.74403	0.89257	46.176	12.924	23.514	350.40	19.376	0.94026	0.016224
19.457	0.076595	35.648	0.028052	-0.020132	-0.017984	-0.86802	11.291	18.715	1143.7	-1.0472	14.565	0.10341	0.0020695	0.51390	1.9459	0.74479	0.89383	45.995	12.931	23.582	351.03	19.262	0.94576	0.016342
19.557	0.079067	35.594	0.028095	-0.018280	-0.016059	-0.77289	11.304	18.819	1141.1	-1.0371	14.440	0.10345	0.0020521	0.52874	1.8913	0.74553	0.89507	45.816	12.938	23.650	351.65	19.150	0.95128	0.016461
19.657	0.081596	35.540	0.028138	-0.016418	-0.014122	-0.67776	11.318	18.924	1138.4	-1.0269	14.318	0.10349	0.0020348	0.54387	1.8387	0.74627	0.89630	45.637	12.945	23.720	352.26	19.038	0.95680	0.016581
19.757	0.084183	35.485	0.028181	-0.014547	-0.012174	-0.58261	11.331	19.030	1135.7	-1.0167	14.197	0.10353	0.0020175	0.55932	1.7879	0.74700	0.89750	45.461	12.952	23.792	352.86	18.928	0.96232	0.016701
19.857	0.086830	35.431	0.028224	-0.012666	-0.010215	-0.48745	11.344	19.137	1133.0	-1.0065	14.078	0.10357	0.0020001	0.57508	1.7389	0.74771	0.89870	45.285	12.960	23.865	353.46	18.819	0.96786	0.016821
19.957	0.089535	35.375	0.028268	-0.010775	-0.0082439	-0.39228	11.358	19.245	1130.3	-0.99620	13.960	0.10360	0.0019828	0.59116	1.6916	0.74842	0.89987	45.111	12.967	23.940	354.05	18.711	0.97340	0.016943
20.057	0.092301	35.320	0.028313	-0.0088744	-0.0062611	-0.29709	11.371	19.354	1127.6	-0.98590	13.843	0.10363	0.0019655	0.60757	1.6459	0.74911	0.90103	44.939	12.975	24.016	354.64	18.605	0.97895	0.017065
20.157	0.095128	35.264	0.028357	-0.0069641	-0.0042665	-0.20187	11.384	19.463	1124.8	-0.97556	13.729	0.10366	0.0019483	0.62429	1.6018	0.74980	0.90218	44.767	12.983	24.094	355.22	18.499	0.98451	0.017188
20.257	0.098018	35.208	0.028402	-0.0050438	-0.0022599	-0.10662	11.397	19.575	1122.0	-0.96518	13.615	0.10369	0.0019310	0.64135	1.5592	0.75048	0.90331	44.597	12.991	24.173	355.79	18.395	0.99008	0.017312
20.357	0.10097	35.152	0.028448	-0.0031136	-0.00024120	-0.011348	11.410	19.687	1119.2	-0.95476	13.503	0.10371	0.0019137	0.65875	1.5180	0.75114	0.90442	44.428	12.999	24.254	356.36	18.292	0.99566	0.017437
20.457	0.10398	35.095	0.028494	-0.0011733	0.0017896	0.083962	11.423	19.800	1116.4	-0.94430	13.393	0.10373	0.0018964	0.67648	1.4782	0.75179	0.90551	44.261	13.008	24.337	356.92	18.189	1.0012	0.017562
20.557	0.10706	35.038	0.028540	0.00077713	0.0038328	0.17931	11.436	19.914	1113.6	-0.93379	13.283	0.10375	0.0018792	0.69455	1.4398	0.75244	0.90659	44.094	13.016	24.422	357.47	18.088	1.0068	0.017688
20.657	0.11021	34.981	0.028587	0.0027377	0.0058883	0.27470	11.449	20.030	1110.7	-0.92325	13.176	0.10377	0.0018620	0.71298	1.4026	0.75307	0.90764	43.928	13.025	24.508	358.01	17.988	1.0125	0.017815
20.757	0.11342	34.923	0.028634	0.0047087	0.0079563	0.37014	11.462	20.147	1107.8	-0.91265	13.069	0.10378	0.0018447	0.73176	1.3666	0.75369	0.90869	43.764	13.034	24.596	358.55	17.888	1.0181	0.017942
20.857	0.11670	34.865	0.028682	0.0066899	0.010037	0.46562	11.475	20.265	1104.9	-0.90201	12.964	0.10380	0.0018275	0.75089	1.3317	0.75430	0.90971	43.601	13.043	24.687	359.09	17.790	1.0237	0.018071
20.957	0.12004	34.806	0.028730	0.0086816	0.012130	0.56116	11.488	20.384	1102.0	-0.89132	12.860	0.10381	0.0018103	0.77039	1.2980	0.75490	0.91072	43.439	13.052	24.779	359.61	17.692	1.0294	0.018200
21.057	0.12345	34.748	0.028779	0.010684	0.014237	0.65675	11.501	20.505	1099.1	-0.88057	12.757	0.10382	0.0017931	0.79026	1.2654	0.75549	0.91170	43.278	13.062	24.873	360.13	17.595	1.0350	0.018330
21.157	0.12693	34.689	0.028828	0.012697	0.016356	0.75241	11.514	20.627	1096.1	-0.86978	12.655	0.10382	0.0017759	0.81050	1.2338	0.75606	0.91267	43.117	13.072	24.969	360.64	17.500	1.0407	0.018461
21.257	0.13048	34.629	0.028878	0.014720	0.018488	0.84813	11.527	20.751	1093.1	-0.85892	12.555	0.10383	0.0017587	0.83111	1.2032	0.75663	0.91362	42.958	13.082	25.067	361.15	17.405	1.0464	0.018593
21.357	0.13410	34.569	0.028928	0.016755	0.020634	0.94392	11.539	20.875	1090.1	-0.84801	12.455	0.10383	0.0017415	0.85211	1.1736	0.75718	0.91456	42.800	13.092	25.167	361.65	17.310	1.0521	0.018726
21.457	0.13780	34.509	0.028978	0.018800	0.022793	1.0398	11.552	21.002	1087.1	-0.83704	12.357	0.10383	0.0017244	0.87349	1.1448	0.75772	0.91547	42.643	13.102	25.269	362.14	17.217	1.0578	0.018860
21.557	0.14156	34.448	0.029029	0.020856	0.024965	1.1357	11.565	21.129	1084.0	-0.82601	12.260	0.10382	0.0017072	0.89527	1.1170	0.75825	0.91637	42.487	13.113	25.373	362.63	17.124	1.0635	0.018994
21.657	0.14540	34.387	0.029080	0.022923	0.027151	1.2317	11.578	21.259	1081.0	-0.81492	12.164	0.10382	0.0016901	0.91745	1.0900	0.75876	0.91724	42.331	13.123	25.480	363.11	17.032	1.0693	0.019130
21.757	0.14931	34.326	0.029132	0.025002	0.029351	1.3278	11.590	21.389	1077.9	-0.80376	12.069	0.10381	0.0016730	0.94003	1.0638	0.75926	0.91810	42.177	13.134	25.589	363.58	16.941	1.0750	0.019266
21.857	0.15330	34.264	0.029185	0.027091	0.031565	1.4240	11.603	21.522	1074.8	-0.79254	11.975	0.10380	0.0016559	0.96302	1.0384	0.75976	0.91894	42.023	13.146	25.700	364.04	16.851	1.0808	0.019404
21.957	0.15736	34.202	0.029238	0.029192	0.033793	1.5203	11.616	21.656	1071.6	-0.78125	11.883	0.10378	0.0016388	0.98642	1.0138	0.76023	0.91976	41.870	13.157	25.814	364.50	16.761	1.0866	0.019542
22.057	0.16149	34.140	0.029292	0.031305	0.036035	1.6167	11.629	21.792	1068.4	-0.76988	11.791	0.10377	0.0016217	1.0102	0.98986	0.76070	0.92055	41.718	13.169	25.930	364.95	16.672	1.0924	0.019682
22.157	0.16571	34.077	0.029346	0.033429	0.038291	1.7132	11.641	21.929	1065.3	-0.75844	11.700	0.10375	0.0016046	1.0345	0.96666	0.76115	0.92133	41.567	13.181	26.048	365.40	16.584	1.0982	0.019822
22.257	0.17000	34.013	0.029400	0.035564	0.040562	1.8097	11.654	22.068	1062.1	-0.74692	11.610	0.10373	0.0015876	1.0592	0.94413	0.76159	0.92209	41.417	13.193	26.170	365.84	16.496	1.1041	0.019963
22.357	0.17437	33.950	0.029455	0.037712	0.042848	1.9064	11.667	22.209	1058.8	-0.73533	11.521	0.10371	0.0015705	1.0843	0.92226	0.76202	0.92283	41.267	13.205	26.293	366.27	16.409	1.1099	0.020106
22.457	0.17881	33.885	0.029511	0.039871	0.045148	2.0032	11.679	22.352	1055.6	-0.72365	11.433	0.10369	0.0015535	1.1099	0.90102	0.76243	0.92354	41.118	13.218	26.420	366.69	16.323	1.1158	0.020249
22.557	0.18334	33.821	0.029568	0.042043	0.047464	2.1002	11.692	22.497	1052.3	-0.71190	11.346	0.10366	0.0015365	1.1359	0.88038	0.76283	0.92424	40.970	13.230	26.549	367.11	16.237	1.1217	0.020394
22.657	0.18795	33.756	0.029624	0.044226	0.049794	2.1972	11.705	22.643	1049.0	-0.70005	11.260	0.10363	0.0015194	1.1623	0.86033	0.76322	0.92492	40.822	13.243	26.681	367.52	16.152	1.1277	0.020539
22.757	0.19264	33.690	0.029682	0.046422	0.052140	2.2944	11.717	22.792	1045.7	-0.68812	11.175	0.10360	0.0015025	1.1893	0.84084	0.76359	0.92557	40.675	13.257	26.816	367.93	16.067	1.1336	0.020686
22.857	0.19741	33.625	0.029740	0.048630	0.054501	2.3917	11.730	22.943	1042.3	-0.67609	11.090	0.10356	0.0014855	1.2167	0.82190	0.76395	0.92620	40.529	13.270	26.954	368.32	15.983	1.1396	0.020834
22.957	0.20227	33.558	0.029799	0.050850	0.056878	2.4892	11.742	23.096	1038.9	-0.66397	11.007	0.10353	0.0014685	1.2446	0.80349	0.76429	0.92681	40.383	13.284	27.096	368.71	15.900	1.1456	0.020983
23.057	0.20721	33.492	0.029858	0.053083	0.059270	2.5867	11.755	23.251	1035.5	-0.65176	10.924	0.10349	0.0014516	1.2729	0.78558	0.76462	0.92740	40.238	13.298	27.240	369.10	15.817	1.1516	0.021134
23.157	0.21224	33.424	0.029918	0.055329	0.061679	2.6845	11.767	23.408	1032.1	-0.63944	10.842	0.10345	0.0014346	1.3018	0.76817	0.76493	0.92797	40.094	13.312	27.387	369.47	15.735	1.1577	0.021285
23.257	0.21735	33.357	0.029979	0.057588	0.064104	2.7824	11.780	23.568	1028.7	-0.62702	10.761	0.10340	0.0014177	1.3312	0.75123	0.76524	0.92851	39.950	13.327	27.538	369.84	15.653	1.1637	0.021438
23.357	0.22254	33.289	0.030040	0.059859	0.066545	2.8804	11.793	23.730	1025.2	-0.61449	10.681	0.10336	0.0014008	1.3610	0.73474	0.76552	0.92903	39.807	13.342	27.693	370.21	15.571	1.1698	0.021592
23.457	0.22783	33.220	0.030102	0.062144	0.069002	2.9786	11.805	23.894	1021.7	-0.60186	10.601	0.10331	0.0013839	1.3914	0.71870	0.76579	0.92953	39.664	13.357	27.850	370.56	15.491	1.1760	0.021747
23.557	0.23320	33.151	0.030165	0.064442	0.071477	3.0770	11.818	24.061	1018.2	-0.58911	10.522	0.10326	0.0013671	1.4223	0.70309	0.76605	0.93001	39.522	13.372	28.012	370.91	15.410	1.1821	0.021903
23.657	0.23866	33.081	0.030229	0.066754	0.073968	3.1756	11.830	24.231	1014.6	-0.57624	10.444	0.10321	0.0013502	1.4537	0.68789	0.76629	0.93046	39.380	13.388	28.177	371.26	15.331	1.1883	0.022061
23.757	0.24421	33.011	0.030293	0.069079	0.076477	3.2743	11.843	24.403	1011.0	-0.56325	10.366	0.10315	0.0013334	1.4857	0.67309	0.76651	0.93088	39.239	13.403	28.346	371.59	15.251	1.1945	0.022220
23.857	0.24985	32.941	0.030358	0.071418	0.079003	3.3732	11.855	24.578	1007.4	-0.55015	10.290	0.10309	0.0013166	1.5182	0.65867	0.76672	0.93129	39.098	13.419	28.519	371.92	15.173	1.2008	0.022381
23.957	0.25558	32.870	0.030423	0.073771	0.081546	3.4723	11.868	24.756	1003.8	-0.53691	10.214	0.10303	0.0012998	1.5513	0.64463	0.76691	0.93167	38.958	13.436	28.696	372.24	15.094	1.2070	0.022543
24.057	0.26140	32.798	0.030490	0.076137	0.084108	3.5716	11.880	24.937	1000.1	-0.52354	10.138	0.10297	0.0012830	1.5849	0.63095	0.76709	0.93202	38.818	13.452	28.877	372.56	15.016	1.2133	0.022706
24.157	0.26732	32.726	0.030557	0.078518	0.086687	3.6711	11.893	25.121	996.44	-0.51004	10.064	0.10290	0.0012662	1.6191	0.61762	0.76725	0.93235	38.678	13.469	29.063	372.87	14.939	1.2197	0.022871
24.257	0.27333	32.653	0.030625	0.080914	0.089285	3.7708	11.905	25.308	992.72	-0.49639	9.9895	0.10283	0.0012495	1.6539	0.60463	0.76739	0.93266	38.539	13.486	29.253	373.17	14.862	1.2261	0.023038
24.357	0.27943	32.580	0.030694	0.083324	0.091901	3.8708	11.918	25.498	988.98	-0.48260	9.9160	0.10277	0.0012328	1.6893	0.59197	0.76752	0.93294	38.400	13.504	29.448	373.46	14.785	1.2325	0.023205
24.457	0.28563	32.506	0.030763	0.085749	0.094536	3.9709	11.930	25.691	985.21	-0.46867	9.8432	0.10271	0.0012161	1.7253	0.57962	0.76763	0.93319	38.262	13.522	29.647	373.75	14.709	1.2389	0.023375
24.557	0.29193	32.432	0.030834	0.088188	0.097190	4.0713	11.943	25.888	981.41	-0.45458	9.7709	0.10265	0.0011994	1.7618	0.56759	0.76772	0.93342	38.124	13.540	29.852	374.03	14.633	1.2454	0.023546
24.657	0.29832	32.357	0.030905	0.090643	0.099863	4.1719	11.956	26.089	977.58	-0.44033	9.6993	0.10258	0.0011827	1.7991	0.55585	0.76780	0.93362	37.986	13.558	30.061	374.31	14.558	1.2519	0.023719
24.757	0.30481	32.282	0.030977	0.093113	0.10256	4.2728	11.968	26.293	973.72	-0.42592	9.6282	0.10251	0.0011661	1.8369	0.54439	0.76785	0.93379	37.849	13.577	30.276	374.57	14.483	1.2585	0.023893
24.857	0.31140	32.206	0.031050	0.095599	0.10527	4.3739	11.981	26.502	969.83	-0.41134	9.5576	0.10244	0.0011495	1.8754	0.53322	0.76789	0.93394	37.711	13.595	30.496	374.83	14.408	1.2651	0.024069
24.957	0.31809	32.129	0.031124	0.098100	0.10800	4.4752	11.993	26.714	965.91	-0.39659	9.4877	0.10236	0.0011329	1.9145	0.52232	0.76791	0.93406	37.574	13.615	30.722	375.09	14.334	1.2718	0.024247
25.057	0.32488	32.052	0.031200	0.10062	0.11075	4.5769	12.006	26.930	961.96	-0.38166	9.4182	0.10229	0.0011163	1.9543	0.51168	0.76791	0.93415	37.438	13.634	30.954	375.34	14.260	1.2785	0.024427
25.157	0.33177	31.974	0.031275	0.10315	0.11353	4.6788	12.019	27.151	957.98	-0.36655	9.3493	0.10221	0.0010998	1.9948	0.50129	0.76790	0.93421	37.301	13.654	31.191	375.58	14.186	1.2852	0.024609
25.257	0.33876	31.895	0.031352	0.10570	0.11632	4.7810	12.031	27.376	953.97	-0.35125	9.2809	0.10212	0.0010833	2.0360	0.49116	0.76786	0.93424	37.165	13.674	31.435	375.81	14.113	1.2920	0.024792
25.357	0.34586	31.816	0.031430	0.10827	0.11914	4.8834	12.044	27.605	949.92	-0.33575	9.2129	0.10204	0.0010668	2.0779	0.48126	0.76780	0.93425	37.029	13.694	31.686	376.03	14.040	1.2988	0.024978
25.457	0.35305	31.736	0.031509	0.11085	0.12198	4.9862	12.057	27.839	945.84	-0.32004	9.1455	0.10195	0.0010503	2.1205	0.47159	0.76773	0.93422	36.893	13.715	31.943	376.25	13.967	1.3057	0.025165
25.557	0.36036	31.656	0.031590	0.11345	0.12484	5.0893	12.069	28.079	941.73	-0.30413	9.0785	0.10186	0.0010339	2.1638	0.46214	0.76763	0.93417	36.757	13.736	32.208	376.47	13.894	1.3127	0.025355
25.657	0.36776	31.575	0.031671	0.11607	0.12772	5.1927	12.082	28.323	937.59	-0.28800	9.0120	0.10176	0.0010174	2.2079	0.45292	0.76751	0.93408	36.621	13.757	32.479	376.67	13.822	1.3197	0.025547
25.757	0.37528	31.493	0.031753	0.11871	0.13062	5.2964	12.095	28.573	933.41	-0.27165	8.9459	0.10166	0.0010011	2.2527	0.44391	0.76737	0.93396	36.486	13.779	32.758	376.87	13.751	1.3267	0.025741
25.857	0.38290	31.410	0.031837	0.12136	0.13355	5.4004	12.108	28.828	929.19	-0.25507	8.8803	0.10156	0.00098469	2.2983	0.43510	0.76722	0.93381	36.350	13.801	33.045	377.06	13.679	1.3338	0.025937
25.957	0.39063	31.327	0.031921	0.12403	0.13650	5.5048	12.121	29.090	924.95	-0.23824	8.8151	0.10146	0.00096836	2.3447	0.42649	0.76703	0.93363	36.215	13.823	33.341	377.25	13.608	1.3410	0.026136
26.057	0.39847	31.243	0.032007	0.12672	0.13948	5.6096	12.134	29.357	920.66	-0.22118	8.7503	0.10136	0.00095205	2.3919	0.41807	0.76683	0.93342	36.079	13.846	33.644	377.43	13.536	1.3482	0.026337
26.157	0.40641	31.158	0.032094	0.12943	0.14247	5.7147	12.147	29.630	916.34	-0.20385	8.6859	0.10125	0.00093578	2.4399	0.40985	0.76661	0.93317	35.944	13.869	33.957	377.60	13.466	1.3555	0.026540
26.257	0.41447	31.073	0.032182	0.13216	0.14550	5.8202	12.160	29.910	911.98	-0.18627	8.6219	0.10114	0.00091954	2.4888	0.40180	0.76636	0.93289	35.808	13.892	34.279	377.76	13.395	1.3628	0.026746
26.357	0.42264	30.986	0.032272	0.13491	0.14855	5.9261	12.173	30.197	907.59	-0.16841	8.5582	0.10102	0.00090333	2.5385	0.39393	0.76609	0.93258	35.673	13.916	34.611	377.92	13.324	1.3702	0.026955
26.457	0.43092	30.899	0.032363	0.13768	0.15162	6.0324	12.187	30.491	903.15	-0.15027	8.4950	0.10091	0.00088715	2.5891	0.38624	0.76579	0.93223	35.537	13.940	34.953	378.07	13.254	1.3777	0.027167
26.557	0.43932	30.811	0.032456	0.14046	0.15472	6.1391	12.200	30.793	898.68	-0.13184	8.4320	0.10079	0.00087100	2.6406	0.37871	0.76547	0.93184	35.402	13.964	35.305	378.22	13.184	1.3852	0.027381
26.657	0.44782	30.722	0.032549	0.14327	0.15785	6.2462	12.214	31.102	894.17	-0.11310	8.3694	0.10067	0.00085489	2.6930	0.37134	0.76513	0.93142	35.266	13.989	35.668	378.35	13.114	1.3929	0.027598
26.757	0.45645	30.633	0.032645	0.14610	0.16100	6.3538	12.227	31.420	889.62	-0.094058	8.3072	0.10054	0.00083882	2.7463	0.36413	0.76476	0.93096	35.130	14.014	36.043	378.48	13.044	1.4006	0.027818
26.857	0.46519	30.542	0.032742	0.14895	0.16418	6.4618	12.241	31.746	885.02	-0.074687	8.2452	0.10041	0.00082278	2.8006	0.35707	0.76436	0.93047	34.994	14.040	36.430	378.61	12.974	1.4083	0.028042
26.957	0.47404	30.451	0.032840	0.15183	0.16739	6.5703	12.255	32.081	880.39	-0.054981	8.1835	0.10028	0.00080677	2.8558	0.35016	0.76394	0.92993	34.858	14.066	36.830	378.73	12.905	1.4162	0.028268
27.057	0.48301	30.358	0.032940	0.15472	0.17063	6.6793	12.269	32.425	875.71	-0.034926	8.1222	0.10015	0.00079081	2.9121	0.34340	0.76349	0.92936	34.721	14.092	37.243	378.84	12.835	1.4241	0.028499
27.157	0.49211	30.265	0.033042	0.15764	0.17390	6.7888	12.283	32.780	870.98	-0.014511	8.0611	0.10001	0.00077489	2.9693	0.33677	0.76302	0.92875	34.584	14.119	37.670	378.94	12.766	1.4321	0.028732
27.257	0.50132	30.171	0.033145	0.16058	0.17720	6.8988	12.297	33.145	866.22	0.0062796	8.0002	0.099872	0.00075900	3.0277	0.33029	0.76251	0.92809	34.447	14.146	38.112	379.04	12.697	1.4402	0.028969
27.357	0.51065	30.075	0.033250	0.16355	0.18052	7.0093	12.311	33.520	861.40	0.027458	7.9396	0.099729	0.00074316	3.0871	0.32393	0.76198	0.92740	34.310	14.174	38.569	379.13	12.627	1.4484	0.029210
27.457	0.52010	29.979	0.033357	0.16653	0.18388	7.1204	12.326	33.907	856.54	0.049041	7.8793	0.099582	0.00072736	3.1476	0.31770	0.76142	0.92666	34.173	14.202	39.043	379.21	12.558	1.4567	0.029456
27.557	0.52968	29.881	0.033466	0.16955	0.18727	7.2320	12.340	34.307	851.64	0.071042	7.8192	0.099433	0.00071160	3.2092	0.31160	0.76083	0.92587	34.035	14.231	39.534	379.29	12.489	1.4651	0.029705
27.657	0.53938	29.783	0.033577	0.17259	0.19070	7.3442	12.355	34.719	846.68	0.093479	7.7592	0.099280	0.00069589	3.2720	0.30562	0.76020	0.92505	33.896	14.260	40.042	379.36	12.419	1.4736	0.029958
27.757	0.54920	29.683	0.033689	0.17565	0.19416	7.4571	12.370	35.144	841.67	0.11637	7.6995	0.099124	0.00068023	3.3360	0.29976	0.75955	0.92418	33.757	14.289	40.570	379.42	12.350	1.4822	0.030216
27.857	0.55915	29.582	0.033804	0.17875	0.19765	7.5706	12.386	35.584	836.62	0.13973	7.6400	0.098964	0.00066462	3.4012	0.29401	0.75886	0.92326	33.618	14.319	41.118	379.48	12.281	1.4909	0.030479
27.957	0.56922	29.480	0.033921	0.18186	0.20117	7.6847	12.401	36.038	831.51	0.16358	7.5806	0.098802	0.00064905	3.4677	0.28837	0.75814	0.92229	33.478	14.350	41.687	379.53	12.211	1.4998	0.030746
28.057	0.57942	29.377	0.034040	0.18501	0.20474	7.7995	12.417	36.509	826.35	0.18794	7.5214	0.098635	0.00063354	3.5355	0.28285	0.75739	0.92127	33.338	14.380	42.279	379.57	12.142	1.5087	0.031019
28.157	0.58975	29.272	0.034162	0.18819	0.20833	7.9150	12.433	36.997	821.13	0.21284	7.4623	0.098466	0.00061808	3.6046	0.27742	0.75660	0.92021	33.197	14.412	42.895	379.60	12.072	1.5178	0.031296
28.257	0.60021	29.167	0.034286	0.19139	0.21197	8.0313	12.450	37.502	815.86	0.23829	7.4034	0.098292	0.00060267	3.6751	0.27210	0.75577	0.91909	33.056	14.444	43.536	379.63	12.002	1.5270	0.031580
28.357	0.61079	29.059	0.034412	0.19463	0.21565	8.1483	12.466	38.026	810.53	0.26431	7.3446	0.098116	0.00058732	3.7470	0.26688	0.75491	0.91792	32.914	14.477	44.204	379.66	11.932	1.5363	0.031869
28.457	0.62151	28.951	0.034541	0.19789	0.21936	8.2661	12.483	38.571	805.14	0.29094	7.2858	0.097935	0.00057203	3.8203	0.26176	0.75400	0.91669	32.771	14.510	44.901	379.67	11.862	1.5458	0.032165
28.557	0.63236	28.841	0.034673	0.20119	0.22312	8.3847	12.501	39.137	799.68	0.31821	7.2271	0.097751	0.00055681	3.8952	0.25673	0.75306	0.91541	32.627	14.543	45.629	379.68	11.792	1.5554	0.032467
28.657	0.64335	28.729	0.034808	0.20453	0.22692	8.5042	12.518	39.727	794.17	0.34613	7.1685	0.097563	0.00054164	3.9716	0.25179	0.75208	0.91407	32.483	14.578	46.389	379.68	11.721	1.5652	0.032776
28.757	0.65447	28.616	0.034945	0.20789	0.23076	8.6245	12.536	40.340	788.59	0.37474	7.1100	0.097371	0.00052654	4.0497	0.24693	0.75106	0.91267	32.337	14.613	47.184	379.68	11.650	1.5751	0.033092
28.857	0.66572	28.502	0.035086	0.21129	0.23465	8.7458	12.555	40.980	782.95	0.40407	7.0514	0.097176	0.00051150	4.1294	0.24217	0.74999	0.91121	32.191	14.648	48.017	379.67	11.579	1.5852	0.033415
28.957	0.67711	28.385	0.035230	0.21473	0.23858	8.8680	12.574	41.649	777.24	0.43415	6.9929	0.096976	0.00049654	4.2108	0.23748	0.74888	0.90968	32.044	14.684	48.889	379.65	11.507	1.5954	0.033747
29.057	0.68864	28.267	0.035377	0.21820	0.24256	8.9913	12.593	42.347	771.46	0.46503	6.9344	0.096773	0.00048165	4.2940	0.23288	0.74772	0.90809	31.895	14.721	49.805	379.63	11.435	1.6059	0.034087
29.157	0.70030	28.147	0.035527	0.22172	0.24660	9.1156	12.613	43.078	765.61	0.49674	6.8758	0.096565	0.00046684	4.3791	0.22836	0.74651	0.90643	31.746	14.759	50.767	379.60	11.362	1.6165	0.034436
29.257	0.71211	28.026	0.035682	0.22527	0.25068	9.2409	12.634	43.845	759.68	0.52933	6.8171	0.096354	0.00045210	4.4661	0.22391	0.74525	0.90470	31.595	14.797	51.779	379.56	11.289	1.6273	0.034794
29.357	0.72406	27.902	0.035840	0.22886	0.25481	9.3675	12.655	44.649	753.68	0.56283	6.7584	0.096138	0.00043744	4.5551	0.21954	0.74395	0.90290	31.444	14.836	52.845	379.51	11.216	1.6384	0.035162
29.457	0.73615	27.776	0.036002	0.23250	0.25901	9.4952	12.677	45.494	747.60	0.59729	6.6996	0.095918	0.00042287	4.6461	0.21523	0.74258	0.90103	31.290	14.876	53.969	379.46	11.141	1.6496	0.035541
29.557	0.74838	27.648	0.036168	0.23619	0.26325	9.6242	12.699	46.384	741.43	0.63278	6.6407	0.095694	0.00040839	4.7394	0.21100	0.74117	0.89907	31.136	14.917	55.156	379.41	11.067	1.6611	0.035932
29.657	0.76075	27.518	0.036339	0.23992	0.26756	9.7546	12.722	47.322	735.18	0.66934	6.5816	0.095465	0.00039400	4.8349	0.20683	0.73969	0.89704	30.980	14.959	56.412	379.34	10.991	1.6728	0.036334
29.757	0.77328	27.386	0.036515	0.24369	0.27193	9.8863	12.746	48.312	728.85	0.70703	6.5223	0.095233	0.00037971	4.9328	0.20273	0.73815	0.89491	30.822	15.001	57.743	379.27	10.915	1.6848	0.036749
29.857	0.78595	27.251	0.036695	0.24752	0.27636	10.019	12.771	49.360	722.42	0.74591	6.4628	0.094996	0.00036552	5.0331	0.19868	0.73655	0.89271	30.663	15.044	59.156	379.19	10.838	1.6970	0.037178
29.957	0.79876	27.114	0.036881	0.25140	0.28086	10.154	12.797	50.472	715.90	0.78606	6.4031	0.094754	0.00035143	5.1360	0.19470	0.73488	0.89040	30.501	15.089	60.658	379.11	10.760	1.7095	0.037622
30.057	0.81173	26.974	0.037073	0.25534	0.28544	10.291	12.823	51.652	709.28	0.82756	6.3431	0.094509	0.00033746	5.2417	0.19078	0.73315	0.88801	30.338	15.134	62.259	379.01	10.681	1.7224	0.038081
30.157	0.82485	26.831	0.037270	0.25934	0.29008	10.429	12.851	52.909	702.56	0.87048	6.2828	0.094259	0.00032360	5.3502	0.18691	0.73134	0.88551	30.173	15.180	63.968	378.91	10.601	1.7355	0.038558
30.257	0.83812	26.685	0.037474	0.26340	0.29480	10.569	12.880	54.250	695.73	0.91491	6.2221	0.094004	0.00030986	5.4617	0.18309	0.72945	0.88290	30.005	15.228	65.796	378.81	10.520	1.7490	0.039052
30.357	0.85155	26.536	0.037684	0.26752	0.29961	10.710	12.910	55.685	688.80	0.96096	6.1611	0.093746	0.00029625	5.5764	0.17933	0.72748	0.88019	29.835	15.276	67.758	378.70	10.438	1.7628	0.039567
30.457	0.86513	26.384	0.037902	0.27171	0.30450	10.854	12.941	57.224	681.75	1.0087	6.0996	0.093484	0.00028277	5.6945	0.17561	0.72543	0.87735	29.663	15.326	69.867	378.58	10.355	1.7770	0.040103
30.557	0.87886	26.228	0.038127	0.27597	0.30948	11.000	12.974	58.880	674.58	1.0583	6.0376	0.093219	0.00026944	5.8161	0.17194	0.72328	0.87439	29.488	15.376	72.141	378.45	10.270	1.7917	0.040662
30.657	0.89276	26.068	0.038361	0.28031	0.31455	11.149	13.008	60.667	667.28	1.1099	5.9751	0.092950	0.00025625	5.9415	0.16831	0.72105	0.87130	29.310	15.429	74.600	378.31	10.184	1.8068	0.041246
30.757	0.90682	25.905	0.038603	0.28472	0.31973	11.300	13.044	62.602	659.85	1.1636	5.9119	0.092678	0.00024323	6.0709	0.16472	0.71871	0.86808	29.128	15.482	77.269	378.17	10.095	1.8223	0.041858
30.857	0.92103	25.737	0.038855	0.28923	0.32502	11.454	13.082	64.705	652.28	1.2195	5.8481	0.092404	0.00023037	6.2046	0.16117	0.71626	0.86470	28.944	15.537	80.174	378.03	10.006	1.8384	0.042501
30.957	0.93541	25.564	0.039118	0.29383	0.33042	11.610	13.122	67.000	644.57	1.2779	5.7836	0.092128	0.00021769	6.3429	0.15766	0.71369	0.86117	28.755	15.593	83.348	377.87	9.9136	1.8550	0.043176
31.057	0.94996	25.386	0.039392	0.29852	0.33594	11.770	13.164	69.515	636.70	1.3389	5.7182	0.091851	0.00020520	6.4861	0.15418	0.71100	0.85747	28.562	15.651	86.832	377.71	9.8196	1.8722	0.043888
31.157	0.96467	25.203	0.039678	0.30332	0.34160	11.933	13.209	72.285	628.68	1.4028	5.6519	0.091575	0.00019292	6.6347	0.15072	0.70818	0.85358	28.366	15.711	90.672	377.53	9.7232	1.8900	0.044641
31.257	0.97956	25.014	0.039978	0.30824	0.34740	12.100	13.256	75.351	620.48	1.4698	5.5846	0.091302	0.00018085	6.7891	0.14730	0.70522	0.84950	28.164	15.772	94.926	377.36	9.6242	1.9086	0.045440
31.357	0.99461	24.819	0.040292	0.31328	0.35336	12.271	13.306	78.764	612.10	1.5402	5.5161	0.091032	0.00016901	6.9497	0.14389	0.70210	0.84521	27.957	15.835	99.665	377.17	9.5223	1.9280	0.046289
31.457	1.0098	24.616	0.040624	0.31846	0.35949	12.447	13.360	82.590	603.52	1.6143	5.4464	0.090770	0.00015742	7.1172	0.14051	0.69880	0.84069	27.744	15.900	104.98	376.98	9.4172	1.9482	0.047195
31.557	1.0252	24.406	0.040973	0.32379	0.36580	12.627	13.417	86.909	594.74	1.6925	5.3752	0.090518	0.00014611	7.2922	0.13713	0.69532	0.83592	27.524	15.967	110.97	376.77	9.3087	1.9693	0.048167
31.657	1.0408	24.187	0.041344	0.32929	0.37232	12.813	13.479	91.824	585.73	1.7752	5.3024	0.090282	0.00013508	7.4756	0.13377	0.69164	0.83087	27.298	16.037	117.79	376.56	9.1962	1.9916	0.049213
31.757	1.0566	23.959	0.041738	0.33496	0.37906	13.005	13.545	97.471	576.48	1.8629	5.2277	0.090068	0.00012438	7.6683	0.13041	0.68773	0.82551	27.063	16.109	125.61	376.34	9.0793	2.0150	0.050345
31.857	1.0725	23.720	0.042158	0.34085	0.38606	13.204	13.617	104.03	566.97	1.9563	5.1509	0.089884	0.00011402	7.8714	0.12704	0.68356	0.81981	26.820	16.183	134.67	376.12	8.9575	2.0398	0.051578
31.957	1.0887	23.469	0.042609	0.34696	0.39335	13.411	13.694	111.74	557.18	2.0559	5.0718	0.089742	0.00010405	8.0863	0.12367	0.67910	0.81373	26.566	16.260	145.30	375.88	8.8300	2.0662	0.052929
32.057	1.1050	23.204	0.043096	0.35335	0.40097	13.627	13.780	120.93	547.08	2.1626	4.9898	0.089657	9.4493e-05	8.3147	0.12027	0.67432	0.80721	26.300	16.339	157.94	375.64	8.6961	2.0944	0.054422
32.157	1.1215	22.923	0.043625	0.36004	0.40897	13.854	13.873	132.08	536.63	2.2776	4.9045	0.089651	8.5413e-05	8.5589	0.11684	0.66915	0.80019	26.020	16.422	173.20	375.39	8.5547	2.1247	0.056088
32.257	1.1382	22.622	0.044204	0.36710	0.41741	14.093	13.977	145.90	525.80	2.4019	4.8154	0.089752	7.6859e-05	8.8214	0.11336	0.66355	0.79258	25.724	16.508	192.01	375.13	8.4045	2.1576	0.057969
32.357	1.1551	22.299	0.044845	0.37459	0.42639	14.348	14.092	163.44	514.53	2.5375	4.7215	0.090002	6.8904e-05	9.1061	0.10982	0.65742	0.78427	25.408	16.597	215.74	374.86	8.2438	2.1935	0.060124
32.457	1.1723	21.948	0.045563	0.38262	0.43603	14.622	14.223	186.45	502.76	2.6862	4.6219	0.090459	6.1630e-05	9.4178	0.10618	0.65064	0.77512	25.069	16.690	246.60	374.60	8.0703	2.2332	0.062639
32.557	1.1896	21.561	0.046380	0.39131	0.44649	14.919	14.372	217.90	490.40	2.8512	4.5150	0.091215	5.5146e-05	9.7636	0.10242	0.64307	0.76491	24.699	16.786	288.33	374.33	7.8810	2.2779	0.065646
32.657	1.2072	21.128	0.047330	0.40089	0.45803	15.247	14.545	263.32	477.33	3.0367	4.3985	0.092414	4.9588e-05	10.154	0.098484	0.63446	0.75334	24.290	16.886	347.82	374.07	7.6711	2.3290	0.069363
32.757	1.2250	20.632	0.048469	0.41168	0.47106	15.620	14.752	334.31	463.39	3.2490	4.2690	0.094324	4.5130e-05	10.605	0.094291	0.62443	0.73994	23.828	16.987	439.21	373.85	7.4336	2.3892	0.074187
32.857	1.2430	20.041	0.049897	0.42428	0.48630	16.057	15.006	459.54	448.29	3.4993	4.1204	0.097528	4.1992e-05	11.148	0.089703	0.61234	0.72384	23.287	17.089	596.78	373.70	7.1561	2.4633	0.080936
32.957	1.2613	19.294	0.051830	0.43992	0.50529	16.606	15.338	732.59	431.51	3.8095	3.9402	0.10366	4.0401e-05	11.843	0.084441	0.59684	0.70335	22.616	17.181	929.53	373.76	6.8137	2.5612	0.091744
33.057	1.2799	18.211	0.054912	0.46213	0.53241	17.398	15.820	1702.8	411.80	4.2409	3.6943	0.12022	4.0055e-05	12.863	0.077740	0.57419	0.67369	21.672	17.231	2053.8	374.52	6.3387	2.7122	0.11546
